ID,Reference,SRR1922792,SRR1922793,SRR1922794,SRR1922795,SRR1922796,SRR1922797
Reference,0,6420,6409,6037,14394,6027,6079
SRR1922792,6420,0,67,1923,16260,1921,3601
SRR1922793,6409,67,0,1938,16253,1938,3626
SRR1922794,6037,1923,1938,0,15977,28,3404
SRR1922795,14394,16260,16253,15977,0,15985,16079
SRR1922796,6027,1921,1938,28,15985,0,3402
SRR1922797,6079,3601,3626,3404,16079,3402,0
